%YAML:1.0
---
K: !!opencv-matrix
   rows: 3
   cols: 3
   dt: d
   data: [ 2.0667678218132269e+03, 0., 5.8254754254651266e+02, 0.,
       2.2941943286101578e+04, 1.3180565580941297e+03, 0., 0., 1. ]
D: !!opencv-matrix
   rows: 1
   cols: 5
   dt: d
   data: [ -2.2538665615134285e+01, 8.8759939262582486e+02,
       -2.5342506073145116e-01, -3.9443716436844889e-01,
       -7.1121775270004928e+03 ]
T: !!opencv-matrix
   rows: 4
   cols: 4
   dt: d
   data: [ -6.6142666077196821e-01, -7.3816261741273193e-01,
       1.3278073156308545e-01, 4.9112994778322957e+01,
       -2.0782146040730920e-03, 1.7884177864661466e-01,
       9.8387565232328722e-01, 4.9112994778322957e+01,
       -7.5000696893035790e-01, 6.5048564047555990e-01,
       -1.1982478078843806e-01, 4.9112994778322957e+01, 0., 0., 0., 1. ]
