%YAML:1.0
---
T: !!opencv-matrix
   rows: 4
   cols: 4
   dt: d
   data: [ 6.2829542350839651e-01, -1.5560305706474559e-01,
       -2.0440151586557695e-02, 8.7708519953431491e+01,
       3.5572457856652265e-02, 9.0037277695656870e-01,
       -1.6826376790642733e-01, -9.9832960857134566e+01,
       1.6007386272906706e-02, 1.3239998476235934e-01,
       5.8640745879296940e-01, 3.0159230665516624e+01, 0., 0., 0., 1. ]
