%YAML:1.0
---
K: !!opencv-matrix
   rows: 3
   cols: 3
   dt: d
   data: [ 6.5620905376722044e+02, 0., 1.9190155981191583e+02, 0.,
       1.3648359184919016e+03, 3.7124424579641624e+02, 0., 0., 1. ]
D: !!opencv-matrix
   rows: 1
   cols: 5
   dt: d
   data: [ 4.7206932544824313e+03, -1.2943600090922851e+06,
       1.0379500927159873e+01, 3.6333772365485455e+00,
       -1.5984138463421614e+03 ]
T: !!opencv-matrix
   rows: 4
   cols: 4
   dt: d
   data: [ 8.1398440932746829e-01, -4.2943271453739873e-01,
       3.9117377859060765e-01, 1.1484604738999881e+01,
       6.0798203300318959e-02, -6.0672701284816877e-01,
       -7.9258180041923187e-01, 3.4271477189685116e+00,
       5.7769625223577981e-01, 6.6893189157445543e-01,
       -4.6775759169398323e-01, 5.1261702736495636e+02, 0., 0., 0., 1. ]
