%YAML:1.0
---
K: !!opencv-matrix
   rows: 3
   cols: 3
   dt: d
   data: [ 6.5620905376722044e+02, 0., 1.9190155981191583e+02, 0.,
       1.3648359184919016e+03, 3.7124424579641624e+02, 0., 0., 1. ]
D: !!opencv-matrix
   rows: 1
   cols: 5
   dt: d
   data: [ 4.7206932544824313e+03, -1.2943600090922851e+06,
       1.0379500927159873e+01, 3.6333772365485455e+00,
       -1.5984138463421614e+03 ]
