%YAML:1.0
---
K: !!opencv-matrix
   rows: 3
   cols: 3
   dt: d
   data: [ 2.1526441950507424e+03, 0., 5.4727960797510968e+02, 0.,
       1.5770202026424222e+04, 9.8313156205838243e+02, 0., 0., 1. ]
D: !!opencv-matrix
   rows: 1
   cols: 5
   dt: d
   data: [ 1.0996370973193833e-02, 1.6373652672894867e+01,
       -5.0280928773930068e-02, -1.6899040350296360e-01,
       -6.0134473980495791e+01 ]
T: !!opencv-matrix
   rows: 4
   cols: 4
   dt: d
   data: [ -8.0893472070503047e-01, -5.8392032350220102e-01,
       6.8276448640502863e-02, 3.0027412897289156e+02,
       -1.0773790242461054e-01, 2.6141137511692436e-01,
       9.5919582846289708e-01, 3.0027412897289156e+02,
       -5.7794217878523069e-01, 7.6857084823753452e-01,
       -2.7437508855655446e-01, 3.0027412897289156e+02, 0., 0., 0., 1. ]
